[?25l[0m    [38;2;80;143;71m▄[38;2;103;167;65m▄[0m      [38;2;109;165;52m▄[0m                                               [0m
   [38;2;95;175;91;48;2;66;121;61m▄[38;2;99;180;89;48;2;102;181;88m▄[38;2;104;174;68;48;2;105;173;68m▄[38;2;104;165;53;48;2;78;123;41m▄[0m     [38;2;110;171;55;48;2;113;174;56m▄[48;2;99;153;49m▄[0m[38;2;88;137;44m▄[0m                                [38;2;68;68;68m▄[0m            [0m
  [38;2;0;128;190;48;2;0;129;187m▄[38;2;4;130;183;48;2;49;149;133m▄[38;2;85;168;97;48;2;98;178;88m▄[38;2;99;169;68;48;2;102;172;68m▄[38;2;101;164;54;48;2;103;166;54m▄[38;2;99;161;52;48;2;84;136;43m▄[0m    [38;2;102;164;54;48;2;106;167;55m▄▄▄[38;2;67;108;35;48;2;59;94;30m▄[0m                               [7m[38;2;37;37;37m▄[0m         [38;2;35;35;35m▄[0m  [0m
  [38;2;0;121;187;48;2;0;125;189m▄[38;2;0;125;192;48;2;0;130;193m▄[38;2;0;124;186;48;2;34;139;145m▄[38;2;74;149;83;48;2;95;165;67m▄[38;2;94;159;54;48;2;98;162;55m▄[38;2;95;159;53;48;2;98;161;53m▄[38;2;94;157;52;48;2;87;144;47m▄[0m[38;2;54;92;30m▄[0m  [38;2;95;157;53;48;2;99;161;54m▄▄▄[38;2;66;109;37;48;2;68;111;37m▄[0m    [38;2;36;36;36m▄[7m[38;2;38;38;38m▄[0m [7m[38;2;46;46;46m▄[0m[38;2;48;48;48m▄[0m  [7m[38;2;36;36;36m▄[0m  [7m[38;2;39;39;39m▄[0m[38;2;35;35;35m▄[0m [38;2;47;47;47m▄[7m[38;2;46;46;46m▄[0m [7m[38;2;36;36;36m▄[38;2;46;46;46m▄[0m[38;2;43;43;43m▄[7m[38;2;48;48;48m▄[0m[38;2;68;68;68;48;2;67;67;67m▄[0m   [38;2;67;67;67;48;2;52;52;52m▄[38;2;39;39;39;48;2;62;62;62m▄[0m [38;2;68;68;68;48;2;68;68;68m▄[0m  [38;2;68;68;68;48;2;68;68;68m▄[38;2;47;47;47;48;2;55;55;55m▄[0m[7m[38;2;68;68;68m▄▄[0m[38;2;67;67;67;48;2;52;52;52m▄[38;2;61;61;61;48;2;45;45;45m▄[0m[7m[38;2;68;68;68m▄▄[0m[38;2;67;67;67;48;2;67;67;67m▄[0m[38;2;48;48;48m▄[0m
  [38;2;0;113;182;48;2;0;117;185m▄[38;2;0;116;188;48;2;0;120;191m▄[38;2;0;117;188;48;2;0;121;190m▄[38;2;10;75;99;48;2;30;104;100m▄[38;2;65;117;46;48;2;90;155;54m▄[38;2;88;154;53;48;2;92;157;53m▄[38;2;88;155;54;48;2;92;156;53m▄[38;2;88;153;52;48;2;86;148;50m▄[0m[38;2;61;106;36m▄[0m [38;2;88;151;53;48;2;91;154;53m▄▄▄[38;2;61;105;36;48;2;64;107;36m▄[0m        [38;2;42;42;42;48;2;43;43;43m▄[0m [38;2;55;55;55;48;2;44;44;44m▄[0m[38;2;40;40;40m▄▄▄▄[38;2;43;43;43;48;2;35;35;35m▄[0m [7m[38;2;38;38;38m▄[0m    [38;2;42;42;42;48;2;51;51;51m▄[0m [38;2;46;46;46;48;2;66;66;66m▄[38;2;65;65;65;48;2;47;47;47m▄[0m [38;2;49;49;49m▄[38;2;60;60;60;48;2;68;68;68m▄[0m  [38;2;68;68;68;48;2;68;68;68m▄[0m  [38;2;68;68;68;48;2;68;68;68m▄[0m   [38;2;68;68;68;48;2;68;68;68m▄[38;2;41;41;41;48;2;43;43;43m▄[0m  [38;2;61;61;61;48;2;62;62;62m▄[38;2;57;57;57;48;2;56;56;56m▄[0m
  [38;2;0;106;178;48;2;0;109;180m▄[38;2;0;109;183;48;2;0;113;185m▄▄[0m[7m[38;2;4;66;99m▄[0m [38;2;51;94;33;48;2;82;146;51m▄[38;2;81;149;52;48;2;85;153;53m▄[38;2;82;151;53m▄[38;2;81;149;52;48;2;83;149;51m▄[0m[38;2;68;125;44m▄[38;2;80;144;51;48;2;84;147;52m▄▄▄[38;2;57;101;35;48;2;59;103;36m▄[0m        [38;2;42;42;42;48;2;42;42;42m▄[0m [38;2;45;45;45;48;2;45;45;45m▄[0m      [38;2;36;36;36m▄[0m    [38;2;49;49;49;48;2;41;41;41m▄[0m  [38;2;65;65;65;48;2;68;68;68m▄[0m[38;2;56;56;56m▄[38;2;68;68;68;48;2;66;66;66m▄[0m[7m[38;2;37;37;37m▄[0m  [38;2;68;68;68;48;2;68;68;68m▄[0m  [38;2;68;68;68;48;2;68;68;68m▄[0m   [38;2;68;68;68;48;2;68;68;68m▄[38;2;41;41;41;48;2;41;41;41m▄[0m  [38;2;61;61;61;48;2;61;61;61m▄[38;2;57;57;57;48;2;57;57;57m▄[0m
  [38;2;0;98;173;48;2;0;102;175m▄[38;2;0;101;178;48;2;0;104;181m▄▄[0m   [7m[38;2;72;135;48m▄[0m[38;2;74;144;53;48;2;78;148;53m▄[38;2;76;146;52;48;2;78;149;53m▄[38;2;75;146;53;48;2;78;147;52m▄[38;2;81;154;57;48;2;80;147;53m▄[38;2;73;138;50;48;2;77;140;50m▄[38;2;73;137;50m▄[38;2;52;97;35;48;2;54;99;35m▄[0m        [38;2;42;42;42;48;2;42;42;42m▄[0m  [38;2;35;35;35m▄[38;2;40;40;40m▄[0m [38;2;41;41;41m▄[0m  [7m[38;2;45;45;45m▄[0m[38;2;42;42;42m▄[0m  [38;2;43;43;43m▄[7m▄[0m  [7m[38;2;44;44;44m▄[0m[38;2;61;61;61;48;2;68;68;68m▄[0m[7m[38;2;59;59;59m▄[0m   [38;2;68;68;68;48;2;68;68;68m▄[0m  [38;2;68;68;68;48;2;68;68;68m▄[0m   [38;2;68;68;68;48;2;68;68;68m▄[38;2;41;41;41;48;2;41;41;41m▄[0m  [38;2;61;61;61;48;2;61;61;61m▄[38;2;57;57;57;48;2;57;57;57m▄[0m
  [38;2;0;85;157;48;2;0;94;170m▄[38;2;0;92;172;48;2;0;97;175m▄▄[0m    [7m[38;2;61;121;44m▄[0m[38;2;68;139;52;48;2;72;143;52m▄[38;2;70;142;52;48;2;73;145;52m▄[38;2;74;152;57;48;2;78;154;57m▄[38;2;74;150;57;48;2;73;143;53m▄[38;2;66;132;49;48;2;69;134;49m▄[38;2;39;78;28;48;2;49;95;34m▄[0m                                            [0m
   [7m[38;2;0;86;165m▄[0m[38;2;0;83;165;48;2;0;88;169m▄[0m     [7m[38;2;49;104;39m▄[0m[38;2;61;133;51;48;2;66;139;52m▄[38;2;68;146;57;48;2;71;149;57m▄[38;2;58;125;48m▄[0m[7m[38;2;53;111;42m▄[0m                                             [0m
    [7m[38;2;0;49;99m▄[0m      [7m[38;2;39;88;33m▄[38;2;57;128;50m▄[38;2;32;71;26m▄[0m                                              [0m
                                                            [0m
[?25h